A = [10 0 0;0 30 0;0 0 20]
B = [20;0;15];
Current = A\B